22502778
22502640
22502737
22502711
22502735
22601805
22502773
22502780
22501211
22502730
22601670
22502878
22502886
22601639
22502706
22502819
22502088
22502650
22502851
22501848
22601641
22601642
22502208
22502768
22502082
22502813
22502723
22600918
22501716
22501984
22601677
22601671
22502374
22601637
22501985
22501793
22502844
22501454
22601388
22502804
22502794
22501817
22502861
22501828
22502852
22502846
22502810
22501387
22502724
22601678
22501782
22601672
22502503
22502732
22502058
22502219
22502808
22502506
22502802
22502378
22502299
22502862
22502218
22502298
22502853
22502519
22502234
22502059
22502504
22501447
22502701
22501778
22500391
22502725
22502001
22502241
22501568
22502161
22502885
22502321
22502526
22502689
22502401
22501050
22502814
22502520
22501837
22502805
22502315
22601673
22600404
22502075
22502854
22502507
22501458
22502110
22601679
22502712
22502344